0.000000000000000000e+00 1.000000000000000000e+00 0.000000000000000000e+00
1.001001001001000992e-03 9.999911885281894675e-01 -1.000948444088093541e-03
2.002002002002001985e-03 9.999647568127778552e-01 -2.001587483222361848e-03
3.003003003003002977e-03 9.999207130470549876e-01 -3.001606117617551528e-03
4.004004004004003969e-03 9.998590708813498429e-01 -4.000694398437822617e-03
5.005005005005004962e-03 9.997798494210762277e-01 -4.998542655087387897e-03
6.006006006006005954e-03 9.996830732240784556e-01 -5.994841568514278074e-03
7.007007007007006946e-03 9.995687722847943490e-01 -6.989282315520098203e-03
8.008008008008007939e-03 9.994369820279933592e-01 -7.981556676102617362e-03
9.009009009009008931e-03 9.992877433111706509e-01 -8.971357110227279677e-03
1.001001001001000992e-02 9.991211023905695043e-01 -9.958376826199877296e-03
1.101101101101101092e-02 9.989371109092858303e-01 -1.094230987473296564e-02
1.201201201201201191e-02 9.987358259064353927e-01 -1.192285128682984974e-02
1.301301301301301290e-02 9.985173097711009804e-01 -1.289969713892899668e-02
1.401401401401401389e-02 9.982816302239621020e-01 -1.387254464597460941e-02
1.501501501501501488e-02 9.980288603257345681e-01 -1.484109226959021838e-02
1.601601601601601588e-02 9.977590784243172140e-01 -1.580503980216013335e-02
1.701701701701701513e-02 9.974723681298509614e-01 -1.676408845988195881e-02
1.801801801801801786e-02 9.971688183183956555e-01 -1.771794098125421477e-02
1.901901901901902059e-02 9.968485230824772891e-01 -1.866630171460079146e-02
2.002002002002001985e-02 9.965115816847038843e-01 -1.960887670587603548e-02
2.102102102102101910e-02 9.961580985730513760e-01 -2.054537380096041477e-02
2.202202202202202183e-02 9.957881832866127825e-01 -2.147550271779936903e-02
2.302302302302302456e-02 9.954019504412155994e-01 -2.239897514256077721e-02
2.402402402402402382e-02 9.949995197545237202e-01 -2.331550483854574057e-02
2.502502502502502307e-02 9.945810159842838338e-01 -2.422480772748926425e-02
2.602602602602602580e-02 9.941465688950951174e-01 -2.512660198011315224e-02
2.702702702702702853e-02 9.936963132232639051e-01 -2.602060810620527784e-02
2.802802802802802778e-02 9.932303885622385531e-01 -2.690654901148338898e-02
2.902902902902902704e-02 9.927489392505670640e-01 -2.778415005586060485e-02
3.003003003003002977e-02 9.922521145183916813e-01 -2.865313922127240079e-02
3.103103103103103250e-02 9.917400683525535721e-01 -2.951324716096039719e-02
3.203203203203203175e-02 9.912129594402181443e-01 -3.036420728226538190e-02
3.303303303303303101e-02 9.906709511123364953e-01 -3.120575582968728237e-02
3.403403403403403027e-02 9.901142113302843217e-01 -3.203763196341385261e-02
3.503503503503503647e-02 9.895429127601934605e-01 -3.285957782962699997e-02
3.603603603603603572e-02 9.889572324929877256e-01 -3.367133865923766650e-02
3.703703703703703498e-02 9.883573520581335758e-01 -3.447266284131424163e-02
3.803803803803804118e-02 9.877434573743936186e-01 -3.526330200078402893e-02
3.903903903903904044e-02 9.871157386879723106e-01 -3.604301107622956413e-02
4.004004004004003969e-02 9.864743905235375809e-01 -3.681154839477628060e-02
4.104104104104103895e-02 9.858196117280025872e-01 -3.756867573263758531e-02
4.204204204204203821e-02 9.851516052707949278e-01 -3.831415840944984302e-02
4.304304304304304440e-02 9.844705782031383245e-01 -3.904776535878150268e-02
4.404404404404404366e-02 9.837767416088374350e-01 -3.976926919879293643e-02
4.504504504504504292e-02 9.830703105375436790e-01 -4.047844630433857643e-02
4.604604604604604912e-02 9.823515039381413017e-01 -4.117507687637653180e-02
4.704704704704704837e-02 9.816205446238167598e-01 -4.185894497238634021e-02
4.804804804804804763e-02 9.808776591701716674e-01 -4.252983861123982301e-02
4.904904904904904689e-02 9.801230778394457444e-01 -4.318754984548820591e-02
5.005005005005004615e-02 9.793570345172206704e-01 -4.383187481674225006e-02
5.105105105105105234e-02 9.785797666388826865e-01 -4.446261382027754533e-02
5.205205205205205160e-02 9.777915151148565132e-01 -4.507957136846695717e-02
5.305305305305305086e-02 9.769925242757219186e-01 -4.568255622281557765e-02
5.405405405405405705e-02 9.761830417855058561e-01 -4.627138146862920520e-02
5.505505505505505631e-02 9.753633185487001755e-01 -4.684586459573077122e-02
5.605605605605605557e-02 9.745336086412835774e-01 -4.740582754188241849e-02
5.705705705705705483e-02 9.736941692306265717e-01 -4.795109674919010440e-02
5.805805805805805409e-02 9.728452604941554283e-01 -4.848150321935496693e-02
5.905905905905906028e-02 9.719871455569744079e-01 -4.899688254945584742e-02
6.006006006006005954e-02 9.711200904179482229e-01 -4.949707497591585015e-02
6.106106106106105880e-02 9.702443638271240900e-01 -4.998192546030756633e-02
6.206206206206206499e-02 9.693602372195638806e-01 -5.045128372173440789e-02
6.306306306306305731e-02 9.684679846300634498e-01 -5.090500428426081303e-02
6.406406406406406351e-02 9.675678826065705618e-01 -5.134294652324439961e-02
6.506506506506506970e-02 9.666602101385860513e-01 -5.176497469828984788e-02
6.606606606606606202e-02 9.657452485991611102e-01 -5.217095797386911427e-02
6.706706706706706822e-02 9.648232815912278770e-01 -5.256077050977976672e-02
6.806806806806806054e-02 9.638945948830190957e-01 -5.293429148249390037e-02
6.906906906906906674e-02 9.629594763197761864e-01 -5.329140512223064230e-02
7.007007007007007293e-02 9.620182157322855199e-01 -5.363200075030548353e-02
7.107107107107106525e-02 9.610711048444093851e-01 -5.395597281512637400e-02
7.207207207207207145e-02 9.601184371893417557e-01 -5.426322092038408235e-02
7.307307307307307764e-02 9.591605081083727224e-01 -5.455364979650764723e-02
7.407407407407406996e-02 9.581976145390624922e-01 -5.482716940975354558e-02
7.507507507507507616e-02 9.572300549368510936e-01 -5.508369498078727333e-02
7.607607607607608236e-02 9.562581291985405851e-01 -5.532314700000304231e-02
7.707707707707707467e-02 9.552821385672169985e-01 -5.554545125313293391e-02
7.807807807807808087e-02 9.543023855363612640e-01 -5.575053884537337079e-02
7.907907907907907319e-02 9.533191737536207411e-01 -5.593834622381929633e-02
8.008008008008007939e-02 9.523328080006321361e-01 -5.610881516404298691e-02
8.108108108108108558e-02 9.513435940500398758e-01 -5.626189280974667334e-02
8.208208208208207790e-02 9.503518385165634630e-01 -5.639753171323139136e-02
8.308308308308308410e-02 9.493578487978990843e-01 -5.651568983384720746e-02
8.408408408408407642e-02 9.483619329772630113e-01 -5.661633055175308710e-02
8.508508508508508261e-02 9.473643997253147209e-01 -5.669942268010860764e-02
8.608608608608608881e-02 9.463655582014632861e-01 -5.676494047569767554e-02
8.708708708708708113e-02 9.453657179966205026e-01 -5.681286363387718502e-02
8.808808808808808732e-02 9.443651890844528829e-01 -5.684317727890058486e-02
8.908908908908909352e-02 9.433642815908119816e-01 -5.685587201343831470e-02
9.009009009009008584e-02 9.423633057518949752e-01 -5.685094390303346845e-02
9.109109109109109204e-02 9.413625718187043079e-01 -5.682839447679007006e-02
9.209209209209209823e-02 9.403623899583724022e-01 -5.678823072733724109e-02
9.309309309309309055e-02 9.393630701550756967e-01 -5.673046510915535218e-02
9.409409409409409675e-02 9.383649221252547967e-01 -5.665511553270716899e-02
9.509509509509508907e-02 9.373682553161976072e-01 -5.656220534237382802e-02
9.609609609609609526e-02 9.363733786702852502e-01 -5.645176333340188451e-02
9.709709709709710146e-02 9.353806005558735759e-01 -5.632382373818526494e-02
9.809809809809809378e-02 9.343902286850064298e-01 -5.617842621312615220e-02
9.909909909909909997e-02 9.334025700156053373e-01 -5.601561582648416360e-02
1.001001001001000923e-01 9.324179306534614575e-01 -5.583544304455061169e-02
1.011011011011010985e-01 9.314366157556855930e-01 -5.563796371604927404e-02
1.021021021021021047e-01 9.304589295277526650e-01 -5.542323904927479172e-02
1.031031031031030970e-01 9.294851750515518152e-01 -5.519133559761198182e-02
1.041041041041041032e-01 9.285156541498708060e-01 -5.494232524119798539e-02
1.051051051051051094e-01 9.275506673281080916e-01 -5.467628516229711133e-02
1.061061061061061017e-01 9.265905136788354923e-01 -5.439329782120205098e-02
1.071071071071071079e-01 9.256354907863804105e-01 -5.409345093044735236e-02
1.081081081081081141e-01 9.246858946314281402e-01 -5.377683742733505023e-02
1.091091091091091064e-01 9.237420195479598695e-01 -5.344355544894255350e-02
1.101101101101101126e-01 9.228041581624740752e-01 -5.309370830402881242e-02
1.111111111111111049e-01 9.218726011749541760e-01 -5.272740443063745480e-02
1.121121121121121111e-01 9.209476373254726900e-01 -5.234475736680686137e-02
1.131131131131131173e-01 9.200295533039023477e-01 -5.194588571505617119e-02
1.141141141141141097e-01 9.191186336585199790e-01 -5.153091310509365364e-02
1.151151151151151159e-01 9.182151607048463227e-01 -5.109996815485448596e-02
1.161161161161161082e-01 9.173194144543173056e-01 -5.065318443389689451e-02
1.171171171171171144e-01 9.164316726166116256e-01 -5.019070044022394539e-02
1.181181181181181206e-01 9.155522103681419388e-01 -4.971265952730691967e-02
1.191191191191191129e-01 9.146813003034788281e-01 -4.921920986700274725e-02
1.201201201201201191e-01 9.138192123606657669e-01 -4.871050440538375603e-02
1.211211211211211253e-01 9.129662137352275719e-01 -4.818670081452380155e-02
1.221221221221221176e-01 9.121225687946261651e-01 -4.764796144265747574e-02
1.231231231231231238e-01 9.112885389963945038e-01 -4.709445326383332464e-02
1.241241241241241300e-01 9.104643828985108378e-01 -4.652634785781521731e-02
1.251251251251251362e-01 9.096503559873790890e-01 -4.594382132486539427e-02
1.261261261261261146e-01 9.088467105767665810e-01 -4.534705422338430186e-02
1.271271271271271208e-01 9.080536957577947099e-01 -4.473623152349623378e-02
1.281281281281281270e-01 9.072715573196440397e-01 -4.411154254868290825e-02
1.291291291291291332e-01 9.065005376709123208e-01 -4.347318091586122035e-02
1.301301301301301394e-01 9.057408757616255413e-01 -4.282134447390536364e-02
1.311311311311311179e-01 9.049928070592518914e-01 -4.215623526714259994e-02
1.321321321321321240e-01 9.042565634944227382e-01 -4.147805948190464581e-02
1.331331331331331302e-01 9.035323732678270936e-01 -4.078702732216249460e-02
1.341341341341341364e-01 9.028204608454535318e-01 -4.008335297694210625e-02
1.351351351351351426e-01 9.021210468815042960e-01 -3.936725454989279532e-02
1.361361361361361211e-01 9.014343481480392439e-01 -3.863895399032098860e-02
1.371371371371371273e-01 9.007605774653760777e-01 -3.789867702272003286e-02
1.381381381381381335e-01 9.000999436540177978e-01 -3.714665308878211530e-02
1.391391391391391397e-01 8.994526515363826524e-01 -3.638311532093564671e-02
1.401401401401401459e-01 8.988189017527761226e-01 -3.560830038872097453e-02
1.411411411411411521e-01 8.981988907371432074e-01 -3.482244845076719331e-02
1.421421421421421305e-01 8.975928106627107939e-01 -3.402580308444783791e-02
1.431431431431431367e-01 8.970008493818470985e-01 -3.321861120959889585e-02
1.441441441441441429e-01 8.964231903672736923e-01 -3.240112301110124882e-02
1.451451451451451491e-01 8.958600126546748532e-01 -3.157359186035183646e-02
1.461461461461461553e-01 8.953114907911877696e-01 -3.073627424204165848e-02
1.471471471471471337e-01 8.947777948061341746e-01 -2.988942970974141702e-02
1.481481481481481399e-01 8.942590901220028865e-01 -2.903332075227078868e-02
1.491491491491491461e-01 8.937555375130828983e-01 -2.816821272536644549e-02
1.501501501501501523e-01 8.932672930605231043e-01 -2.729437377489670608e-02
1.511511511511511585e-01 8.927945081056118948e-01 -2.641207475416479725e-02
1.521521521521521647e-01 8.923373292048887295e-01 -2.552158914046118166e-02
1.531531531531531432e-01 8.918958980871368736e-01 -2.462319295089753640e-02
1.541541541541541493e-01 8.914703516037151276e-01 -2.371716465548837083e-02
1.551551551551551555e-01 8.910608216057976927e-01 -2.280378507152311732e-02
1.561561561561561617e-01 8.906674350106931204e-01 -2.188333730230818466e-02
1.571571571571571679e-01 8.902903137498159314e-01 -2.095610664635570025e-02
1.581581581581581464e-01 8.899295747158113556e-01 -2.002238050530162974e-02
1.591591591591591526e-01 8.895853297275875260e-01 -1.908244829508504853e-02
1.601601601601601588e-01 8.892576854971669942e-01 -1.813660135653990396e-02
1.611611611611611650e-01 8.889467435983898769e-01 -1.718513286542731888e-02
1.621621621621621712e-01 8.886526004339626583e-01 -1.622833774121503272e-02
1.631631631631631496e-01 8.883753471435188453e-01 -1.526651254291858106e-02
1.641641641641641558e-01 8.881150696455047955e-01 -1.429995539139693531e-02
1.651651651651651620e-01 8.878718486142682664e-01 -1.332896587756799561e-02
1.661661661661661682e-01 8.876457594386861771e-01 -1.235384496602679599e-02
1.671671671671671744e-01 8.874368721993728393e-01 -1.137489490165211406e-02
1.681681681681681528e-01 8.872452516476490025e-01 -1.039241911578946652e-02
1.691691691691691590e-01 8.870709571862944731e-01 -9.406722132036107048e-03
1.701701701701701652e-01 8.869140428514012964e-01 -8.418109471775462455e-03
1.711711711711711714e-01 8.867745572671635879e-01 -7.426887564383171346e-03
1.721721721721721776e-01 8.866525436567054275e-01 -6.433363647695968142e-03
1.731731731731731838e-01 8.865480398384038008e-01 -5.437845671028371068e-03
1.741741741741741623e-01 8.864610782038202519e-01 -4.440642201441577681e-03
1.751751751751751685e-01 8.863916857079592315e-01 -3.442062327956478453e-03
1.761761761761761746e-01 8.863398838612869257e-01 -2.442415565575792227e-03
1.771771771771771808e-01 8.863056887235248871e-01 -1.442011759141706515e-03
1.781781781781781870e-01 8.862891108991590716e-01 -4.411609870905016870e-04
1.791791791791791655e-01 8.862901555212301385e-01 5.598265283315601720e-04
1.801801801801801717e-01 8.863088222580045583e-01 1.560640521180167890e-03
1.811811811811811779e-01 8.863451053229424170e-01 2.560970782697368810e-03
1.821821821821821841e-01 8.863989934699801898e-01 3.560507254194825860e-03
1.831831831831831903e-01 8.864704699974188529e-01 4.558940123224671827e-03
1.841841841841841965e-01 8.865595127535934594e-01 5.555959919688527662e-03
1.851851851851851749e-01 8.866660941443333943e-01 6.551257611856119156e-03
1.861861861861861811e-01 8.867901811422227443e-01 7.544524702265124894e-03
1.871871871871871873e-01 8.869317352820931255e-01 8.535453320912274322e-03
1.881881881881881935e-01 8.870907126757652250e-01 9.523736321134703559e-03
1.891891891891891997e-01 8.872670640465181169e-01 1.050906737823010563e-02
1.901901901901901781e-01 8.874607347330495388e-01 1.149114108252571875e-02
1.911911911911911843e-01 8.876716647067510735e-01 1.246965303407181029e-02
1.921921921921921905e-01 8.878997885907331522e-01 1.344429993702803139e-02
1.931931931931931967e-01 8.881450356806014357e-01 1.441477969371299066e-02
1.941941941941942029e-01 8.884073299669864587e-01 1.538079149828734497e-02
1.951951951951951814e-01 8.886865901493345987e-01 1.634203592923937770e-02
1.961961961961961876e-01 8.889827296567738291e-01 1.729821504185156955e-02
1.971971971971971938e-01 8.892956566981184974e-01 1.824903246230361736e-02
1.981981981981981999e-01 8.896252742795777158e-01 1.919419347868986728e-02
1.991991991991992061e-01 8.899714802349919518e-01 2.013340513234518347e-02
2.002002002002001846e-01 8.903341672579357935e-01 2.106637630863541361e-02
2.012012012012011908e-01 8.907132229355085862e-01 2.199281782716924066e-02
2.022022022022021970e-01 8.911085297838129415e-01 2.291244253140151468e-02
2.032032032032032032e-01 8.915199652765842808e-01 2.382496537789467392e-02
2.042042042042042094e-01 8.919474018727250320e-01 2.473010352500894585e-02
2.052052052052052156e-01 8.923907070841679001e-01 2.562757641955722143e-02
2.062062062062061940e-01 8.928497435054368880e-01 2.651710588411838876e-02
2.072072072072072002e-01 8.933243688559289186e-01 2.739841620321246257e-02
2.082082082082082064e-01 8.938144360244212328e-01 2.827123420867111436e-02
2.092092092092092126e-01 8.943197931151659619e-01 2.913528936419657739e-02
2.102102102102102188e-01 8.948402834955679896e-01 2.999031384907915529e-02
2.112112112112111972e-01 8.953757458395443791e-01 3.083604264237873108e-02
2.122122122122122034e-01 8.959260141635579933e-01 3.167221360822088799e-02
2.132132132132132096e-01 8.964909179064305400e-01 3.249856757061011375e-02
2.142142142142142158e-01 8.970702819724178934e-01 3.331484839595383329e-02
2.152152152152152220e-01 8.976639267845586412e-01 3.412080307262638917e-02
2.162162162162162282e-01 8.982716683407335756e-01 3.491618178925458282e-02
2.172172172172172067e-01 8.988933182711833503e-01 3.570073801197776175e-02
2.182182182182182129e-01 8.995286838974765331e-01 3.647422856065404839e-02
2.192192192192192191e-01 9.001775682887939167e-01 3.723641368542210395e-02
2.202202202202202252e-01 9.008397703060274653e-01 3.798705714689987190e-02
2.212212212212212314e-01 9.015150846925896744e-01 3.872592627945820737e-02
2.222222222222222099e-01 9.022033021301885114e-01 3.945279206603313077e-02
2.232232232232232161e-01 9.029042093018774251e-01 4.016742920969756936e-02
2.242242242242242223e-01 9.036175889585273957e-01 4.086961620330342021e-02
2.252252252252252285e-01 9.043432199865968357e-01 4.155913539790394295e-02
2.262262262262262347e-01 9.050808774771860188e-01 4.223577306992912922e-02
2.272272272272272131e-01 9.058303327938381777e-01 4.289931948847493237e-02
2.282282282282282193e-01 9.065913536259341265e-01 4.354956898989569003e-02
2.292292292292292255e-01 9.073637040863165026e-01 4.418632002746288034e-02
2.302302302302302317e-01 9.081471447796501950e-01 4.480937523642027076e-02
2.312312312312312379e-01 9.089414328739006121e-01 4.541854149661590095e-02
2.322322322322322163e-01 9.097463221759696239e-01 4.601362999210791699e-02
2.332332332332332225e-01 9.105615632084497202e-01 4.659445626937815110e-02
2.342342342342342287e-01 9.113869032874837295e-01 4.716084029412796752e-02
2.352352352352352349e-01 9.122220866015710028e-01 4.771260650672951020e-02
2.362362362362362411e-01 9.130668542733354487e-01 4.824958388880642990e-02
2.372372372372372473e-01 9.139209444521693149e-01 4.877160600758195796e-02
2.382382382382382258e-01 9.147840924068597612e-01 4.927851105944524440e-02
2.392392392392392320e-01 9.156560305991818804e-01 4.977014192592664477e-02
2.402402402402402382e-01 9.165364887670950367e-01 5.024634622212761220e-02
2.412412412412412444e-01 9.174251940088460344e-01 5.070697634361900907e-02
2.422422422422422505e-01 9.183218708679575792e-01 5.115188951178509247e-02
2.432432432432432290e-01 9.192262414190855990e-01 5.158094781759058056e-02
2.442442442442442352e-01 9.201380253481996618e-01 5.199401827039108054e-02
2.452452452452452414e-01 9.210569400306508614e-01 5.239097284811761873e-02
2.462462462462462476e-01 9.219827006418305215e-01 5.277168851345419298e-02
2.472472472472472538e-01 9.229150202361878774e-01 5.313604726137192286e-02
2.482482482482482600e-01 9.238536098358183235e-01 5.348393615601361450e-02
2.492492492492492384e-01 9.247981785203167604e-01 5.381524736534196857e-02
2.502502502502502724e-01 9.257484335172931900e-01 5.412987819412660995e-02
2.512512512512512508e-01 9.267040802935236909e-01 5.442773111525019830e-02
2.522522522522522292e-01 9.276648226451116308e-01 5.470871380135241407e-02
2.532532532532532632e-01 9.286303627745925438e-01 5.497273917206351584e-02
2.542542542542542416e-01 9.296004014031703511e-01 5.521972539567018834e-02
2.552552552552552756e-01 9.305746378609115466e-01 5.544959591767212315e-02
2.562562562562562540e-01 9.315527701771495472e-01 5.566227948796056285e-02
2.572572572572572325e-01 9.325344951742831068e-01 5.585771018253546383e-02
2.582582582582582664e-01 9.335195085619907296e-01 5.603582742348827556e-02
2.592592592592592449e-01 9.345075050318367715e-01 5.619657599723418273e-02
2.602602602602602788e-01 9.354981783522262617e-01 5.633990607101256598e-02
2.612612612612612573e-01 9.364912214546005087e-01 5.646577322469546051e-02
2.622622622622622357e-01 9.374863265332631368e-01 5.657413845579463418e-02
2.632632632632632697e-01 9.384831851487740462e-01 5.666496817650298196e-02
2.642642642642642481e-01 9.394814883184601229e-01 5.673823423359770218e-02
2.652652652652652820e-01 9.404809266123312916e-01 5.679391391680387730e-02
2.662662662662662605e-01 9.414811902491637685e-01 5.683198996538600667e-02
2.672672672672672389e-01 9.424819691927257548e-01 5.685245057295507803e-02
2.682682682682682729e-01 9.434829532481177061e-01 5.685528939047881231e-02
2.692692692692692513e-01 9.444838321552410099e-01 5.684050553515682808e-02
2.702702702702702853e-01 9.454842956793174658e-01 5.680810360528180253e-02
2.712712712712712637e-01 9.464840337196334108e-01 5.675809364609356311e-02
2.722722722722722422e-01 9.474827364009325015e-01 5.669049115880120393e-02
2.732732732732732761e-01 9.484800941690894049e-01 5.660531709659486627e-02
2.742742742742742545e-01 9.494757978871497528e-01 5.650259785771402643e-02
2.752752752752752885e-01 9.504695389312585174e-01 5.638236527673259196e-02
2.762762762762762669e-01 9.514610092864477231e-01 5.624465661405255584e-02
2.772772772772773009e-01 9.524499016418711550e-01 5.608951454548206927e-02
2.782782782782782793e-01 9.534359094813369406e-01 5.591698717218799436e-02
2.792792792792792578e-01 9.544187271842230480e-01 5.572712797659670064e-02
2.802802802802802917e-01 9.553980501198691133e-01 5.551999580733819883e-02
2.812812812812812702e-01 9.563735747409247701e-01 5.529565486609447356e-02
2.822822822822823041e-01 9.573449986774680287e-01 5.505417468728651675e-02
2.832832832832832826e-01 9.583120208307618348e-01 5.479563011601549377e-02
2.842842842842842610e-01 9.592743414666202728e-01 5.452010128425378160e-02
2.852852852852852950e-01 9.602316623083547720e-01 5.422767358528219478e-02
2.862862862862862734e-01 9.611836866280799585e-01 5.391843766388294129e-02
2.872872872872873073e-01 9.621301193390164874e-01 5.359248938307525911e-02
2.882882882882882858e-01 9.630706670883537601e-01 5.324992977337356104e-02
2.892892892892892642e-01 9.640050383473245388e-01 5.289086501337968149e-02
2.902902902902902982e-01 9.649329435015367995e-01 5.251540639648741987e-02
2.912912912912912766e-01 9.658540949407014020e-01 5.212367029591272877e-02
2.922922922922923106e-01 9.667682071477282646e-01 5.171577812804939445e-02
2.932932932932932890e-01 9.676749967871591807e-01 5.129185631415128510e-02
2.942942942942942675e-01 9.685741827935216985e-01 5.085203624729003891e-02
2.952952952952953014e-01 9.694654864600077415e-01 5.039645426949169310e-02
2.962962962962962798e-01 9.703486315216990343e-01 4.992525159392216527e-02
2.972972972972973138e-01 9.712233442422295582e-01 4.943857427320345888e-02
2.982982982982982922e-01 9.720893534987066209e-01 4.893657315550622305e-02
2.992992992992992707e-01 9.729463908656491578e-01 4.841940383736328957e-02
3.003003003003003046e-01 9.737941906980658313e-01 4.788722661491851690e-02
3.013013013013012831e-01 9.746324902136429547e-01 4.734020643361552122e-02
3.023023023023023170e-01 9.754610295743258996e-01 4.677851283766545909e-02
3.033033033033032955e-01 9.762795519721831905e-01 4.620231994031730183e-02
3.043043043043043294e-01 9.770878037027953544e-01 4.561180634345356200e-02
3.053053053053053079e-01 9.778855342435907039e-01 4.500715508108663748e-02
3.063063063063062863e-01 9.786724963328328197e-01 4.438855356853012302e-02
3.073073073073073203e-01 9.794484460461121422e-01 4.375619354392499410e-02
3.083083083083082987e-01 9.802131428717660855e-01 4.311027100834061154e-02
3.093093093093093326e-01 9.809663497852005865e-01 4.245098616445915074e-02
3.103103103103103111e-01 9.817078333220837782e-01 4.177854335385315643e-02
3.113113113113112895e-01 9.824373636561933854e-01 4.109315100742115534e-02
3.123123123123123235e-01 9.831547146704525675e-01 4.039502158033126539e-02
3.133133133133133019e-01 9.838596640177348362e-01 3.968437146298969820e-02
3.143143143143143359e-01 9.845519931945556635e-01 3.896142092603240015e-02
3.153153153153153143e-01 9.852314876086276652e-01 3.822639405175926042e-02
3.163163163163162928e-01 9.858979366451414705e-01 3.747951866427143286e-02
3.173173173173173267e-01 9.865511337317612872e-01 3.672102625836456968e-02
3.183183183183183051e-01 9.871908764023088478e-01 3.595115192719069291e-02
3.193193193193193391e-01 9.878169663621588770e-01 3.517013429394803131e-02
3.203203203203203175e-01 9.884292095599402916e-01 3.437821545556259822e-02
3.213213213213212960e-01 9.890274162288463788e-01 3.357564087529119057e-02
3.223223223223223299e-01 9.896114009512160248e-01 3.276265931661732217e-02
3.233233233233233084e-01 9.901809827169464340e-01 3.193952276785506222e-02
3.243243243243243423e-01 9.907359849793017093e-01 3.110648636365183003e-02
3.253253253253253208e-01 9.912762357092731458e-01 3.026380830543670686e-02
3.263263263263262992e-01 9.918015674484657040e-01 2.941174978082924940e-02
3.273273273273273332e-01 9.923118173604856818e-01 2.855057488202641242e-02
3.283283283283283116e-01 9.928068272941880101e-01 2.768055054065228504e-02
3.293293293293293456e-01 9.932864438283685038e-01 2.680194643941612165e-02
3.303303303303303240e-01 9.937505183034631706e-01 2.591503490788920824e-02
3.313313313313313024e-01 9.941989068767437265e-01 2.502009085008110451e-02
3.323323323323323364e-01 9.946314705666089440e-01 2.411739165895824405e-02
3.333333333333333148e-01 9.950480752952997054e-01 2.320721713013008600e-02
3.343343343343343488e-01 9.954485919300168906e-01 2.228984937472248962e-02
3.353353353353353272e-01 9.958328963224182262e-01 2.136557273145968730e-02
3.363363363363363057e-01 9.962008693487135469e-01 2.043467368000286000e-02
3.373373373373373396e-01 9.965523969664716875e-01 1.949744077020114028e-02
3.383383383383383181e-01 9.968873702224274602e-01 1.855416450770515369e-02
3.393393393393393520e-01 9.972056852900113011e-01 1.760513726736837384e-02
3.403403403403403304e-01 9.975072435052251274e-01 1.665065320602650625e-02
3.413413413413413644e-01 9.977919513968552812e-01 1.569100817105576612e-02
3.423423423423423428e-01 9.980597207149922712e-01 1.472649960835346189e-02
3.433433433433433213e-01 9.983104684578407717e-01 1.375742646976228431e-02
3.443443443443443552e-01 9.985441168967997827e-01 1.278408911996268410e-02
3.453453453453453337e-01 9.987605936107853966e-01 1.180678925063619739e-02
3.463463463463463676e-01 9.989598315176720922e-01 1.082582979335186026e-02
3.473473473473473461e-01 9.991417688637965755e-01 9.841514803566563108e-03
3.483483483483483245e-01 9.993063492568100559e-01 8.854149376147049666e-03
3.493493493493493585e-01 9.994535216832949320e-01 7.864039550980844034e-03
3.503503503503503369e-01 9.995832405241388274e-01 6.871492217907341354e-03
3.513513513513513709e-01 9.996954655681415947e-01 5.876815021343499527e-03
3.523523523523523493e-01 9.997901620238424103e-01 4.880316264631122565e-03
3.533533533533533277e-01 9.998673005303283512e-01 3.882304814493955404e-03
3.543543543543543617e-01 9.999268571904672553e-01 2.883090016625845277e-03
3.553553553553553401e-01 9.999688135538880029e-01 1.882981588379814206e-03
3.563563563563563741e-01 9.999931566166879726e-01 8.822895199821229745e-04
3.573573573573573525e-01 9.999998788335234812e-01 -1.186760177305590594e-04
3.583583583583583310e-01 9.999889781195369087e-01 -1.119604769587181914e-03
3.593593593593593649e-01 9.999604578504982522e-01 -2.120186492410609715e-03
3.603603603603603434e-01 9.999143268611511148e-01 -3.120111051371190353e-03
3.613613613613613773e-01 9.998505994417515863e-01 -4.119068516338591709e-03
3.623623623623623557e-01 9.997692953400358906e-01 -5.116749255881267860e-03
3.633633633633633342e-01 9.996704397761771999e-01 -6.112844026461703578e-03
3.643643643643643681e-01 9.995540633943978959e-01 -7.107044081252573975e-03
3.653653653653653466e-01 9.994202022667730834e-01 -8.099041261525340846e-03
3.663663663663663805e-01 9.992688978838936142e-01 -9.088528091513350948e-03
3.673673673673673590e-01 9.991001971415411909e-01 -1.007519787378451798e-02
3.683683683683683929e-01 9.989141523255877786e-01 -1.105874478438526737e-02
3.693693693693693714e-01 9.987108210951133325e-01 -1.203886396772507750e-02
3.703703703703703498e-01 9.984902664637497205e-01 -1.301525163117236289e-02
3.713713713713713838e-01 9.982525568010875983e-01 -1.398760513627396104e-02
3.723723723723723622e-01 9.979977658018114317e-01 -1.495562309389416623e-02
3.733733733733733962e-01 9.977259724409124342e-01 -1.591900546067573363e-02
3.743743743743743746e-01 9.974372609626038777e-01 -1.687745363012563282e-02
3.753753753753753530e-01 9.971317208537937571e-01 -1.783067052517597201e-02
3.763763763763763870e-01 9.968094468158384958e-01 -1.877836069026815255e-02
3.773773773773773654e-01 9.964705387345760279e-01 -1.972023038293124059e-02
3.783783783783783994e-01 9.961151016486349263e-01 -2.065598766482554596e-02
3.793793793793793778e-01 9.957432457195781739e-01 -2.158534249221264259e-02
3.803803803803803563e-01 9.953550862250505338e-01 -2.250800680577684509e-02
3.813813813813813902e-01 9.949507434838004150e-01 -2.342369461996952895e-02
3.823823823823823687e-01 9.945303428250589217e-01 -2.433212211159762467e-02
3.833833833833834026e-01 9.940940145543860629e-01 -2.523300770773360610e-02
3.843843843843843811e-01 9.936418939128337513e-01 -2.612607217292303372e-02
3.853853853853853595e-01 9.931741210344816606e-01 -2.701103869565046889e-02
3.863863863863863934e-01 9.926908409023483815e-01 -2.788763297403289154e-02
3.873873873873873719e-01 9.921922033026806531e-01 -2.875558330071161656e-02
3.883883883883884058e-01 9.916783627917794552e-01 -2.961462064917246700e-02
3.893893893893893843e-01 9.911494786567398574e-01 -3.046447875849149500e-02
3.903903903903903627e-01 9.906057148299661774e-01 -3.130489421007338902e-02
3.913913913913913967e-01 9.900472398548109121e-01 -3.213560651188421269e-02
3.923923923923923751e-01 9.894742268333835966e-01 -3.295635817914692456e-02
3.933933933933934091e-01 9.888868533724279875e-01 -3.376689481400681203e-02
3.943943943943943875e-01 9.882853015277066611e-01 -3.456696518420583619e-02
3.953953953953953659e-01 9.876697577468974698e-01 -3.535632130073813190e-02
3.963963963963963999e-01 9.870404128120598974e-01 -3.613471849478615966e-02
3.973973973973973783e-01 9.863974618064274003e-01 -3.690191550167461199e-02
3.983983983983984123e-01 9.857411040262037405e-01 -3.765767452692313222e-02
3.993993993993993907e-01 9.850715429143557245e-01 -3.840176131852313102e-02
4.004004004004003692e-01 9.843889860055266006e-01 -3.913394524199694663e-02
4.014014014014014031e-01 9.836936448613160522e-01 -3.985399935169543773e-02
4.024024024024023816e-01 9.829857350042281450e-01 -4.056170046090726289e-02
4.034034034034034155e-01 9.822654758502942229e-01 -4.125682921075298631e-02
4.044044044044043940e-01 9.815330906403862965e-01 -4.193917013783522024e-02
4.054054054054054279e-01 9.807888063777008281e-01 -4.260851174430751315e-02
4.064064064064064064e-01 9.800328537761082703e-01 -4.326464657264390834e-02
4.074074074074073848e-01 9.792654671506546560e-01 -4.390737125115960759e-02
4.084084084084084187e-01 9.784868843580984965e-01 -4.453648656350227275e-02
4.094094094094093972e-01 9.776973467246696803e-01 -4.515179751107493977e-02
4.104104104104104311e-01 9.768970989708782859e-01 -4.575311337321032179e-02
4.114114114114114096e-01 9.760863891351925226e-01 -4.634024776595880440e-02
4.124124124124123880e-01 9.752654684965960108e-01 -4.691301869946552100e-02
4.134134134134134220e-01 9.744345914960957922e-01 -4.747124863394650007e-02
4.144144144144144004e-01 9.735940156780730215e-01 -4.801476454886186712e-02
4.154154154154154344e-01 9.727440015980957089e-01 -4.854339798786476423e-02
4.164164164164164128e-01 9.718848127244722468e-01 -4.905698509859258982e-02
4.174174174174173912e-01 9.710167153684230446e-01 -4.955536669169423314e-02
4.184184184184184252e-01 9.701399786011271065e-01 -5.003838828981869297e-02
4.194194194194194036e-01 9.692548741698306936e-01 -5.050590017506674523e-02
4.204204204204204376e-01 9.683616764130366095e-01 -5.095775743488251130e-02
4.214214214214214160e-01 9.674606621747942059e-01 -5.139382000636064790e-02
4.224224224224223945e-01 9.665521107181044291e-01 -5.181395271894658622e-02
4.234234234234234284e-01 9.656363036555237755e-01 -5.221802535140065288e-02
4.244244244244244069e-01 9.647135248706111277e-01 -5.260591267979566193e-02
4.254254254254254408e-01 9.637840603858892630e-01 -5.297749447749796475e-02
4.264264264264264193e-01 9.628481982952030727e-01 -5.333265557083070874e-02
4.274274274274273977e-01 9.619062286746157264e-01 -5.367128587482426078e-02
4.284284284284284317e-01 9.609584434921664142e-01 -5.399328042689747337e-02
4.294294294294294101e-01 9.600051365169766093e-01 -5.429853941886025881e-02
4.304304304304304440e-01 9.590466032277259467e-01 -5.458696822721752218e-02
4.314314314314314225e-01 9.580831407205215866e-01 -5.485847744175410129e-02
4.324324324324324564e-01 9.571150476230988469e-01 -5.511298290179850873e-02
4.334334334334334349e-01 9.561426240195820547e-01 -5.535040574587154344e-02
4.344344344344344133e-01 9.551661713214190108e-01 -5.557067238701436651e-02
4.354354354354354473e-01 9.541859921866885363e-01 -5.577371455288129831e-02
4.364364364364364257e-01 9.532023904278039694e-01 -5.595946930889312415e-02
4.374374374374374597e-01 9.522156709170556121e-01 -5.612787907725796249e-02
4.384384384384384381e-01 9.512261394917712609e-01 -5.627889165423113904e-02
4.394394394394394165e-01 9.502341028591184680e-01 -5.641246022559796153e-02
4.404404404404404505e-01 9.492398685005748460e-01 -5.652854338036297083e-02
4.414414414414414289e-01 9.482437445789442254e-01 -5.662710512749929287e-02
4.424424424424424629e-01 9.472460398636924905e-01 -5.670811494261719654e-02
4.434434434434434413e-01 9.462470636042299432e-01 -5.677154772440984321e-02
4.444444444444444198e-01 9.452471254399925638e-01 -5.681738381243117003e-02
4.454454454454454537e-01 9.442465353081963553e-01 -5.684560899938791850e-02
4.464464464464464322e-01 9.432456033476001034e-01 -5.685621453504236672e-02
4.474474474474474661e-01 9.422446398021712133e-01 -5.684919712831878330e-02
4.484484484484484446e-01 9.412439549246852666e-01 -5.682455894760145287e-02
4.494494494494494230e-01 9.402438588802827235e-01 -5.678230761921213704e-02
4.504504504504504570e-01 9.392446616504849244e-01 -5.672245622550015770e-02
4.514514514514514354e-01 9.382466729495479996e-01 -5.664502333887543040e-02
4.524524524524524693e-01 9.372502021149936580e-01 -5.655003297469243101e-02
4.534534534534534478e-01 9.362555580095325292e-01 -5.643751457698854834e-02
4.544544544544544262e-01 9.352630489294009308e-01 -5.630750302170868526e-02
4.554554554554554602e-01 9.342729825086929507e-01 -5.616003860539113546e-02
4.564564564564564386e-01 9.332856656238811555e-01 -5.599516703206661172e-02
4.574574574574574726e-01 9.323014042985516836e-01 -5.581293939836269591e-02
4.584584584584584510e-01 9.313205036083852528e-01 -5.561341217680631360e-02
4.594594594594594295e-01 9.303432675864151680e-01 -5.539664719734217063e-02
4.604604604604604634e-01 9.293699991352638579e-01 -5.516271165960921069e-02
4.614614614614614418e-01 9.284009999300069094e-01 -5.491167809604971528e-02
4.624624624624624758e-01 9.274365703181700615e-01 -5.464362431745371784e-02
4.634634634634634542e-01 9.264770092308796112e-01 -5.435863340918722225e-02
4.644644644644644327e-01 9.255226140902009790e-01 -5.405679370494755054e-02
4.654654654654654666e-01 9.245736807169465665e-01 -5.373819875878643043e-02
4.664664664664664451e-01 9.236305032389833247e-01 -5.340294731539793616e-02
4.674674674674674790e-01 9.226933740000679007e-01 -5.305114327866819468e-02
4.684684684684684575e-01 9.217625834692414477e-01 -5.268289567848427613e-02
4.694694694694694914e-01 9.208384201507653355e-01 -5.229831865644508915e-02
4.704704704704704699e-01 9.199211704946880230e-01 -5.189753144414291364e-02
4.714714714714714483e-01 9.190111188082081828e-01 -5.148065827038032088e-02
4.724724724724724823e-01 9.181085471675370924e-01 -5.104782834828231614e-02
4.734734734734734607e-01 9.172137353305215290e-01 -5.059917583555370579e-02
4.744744744744744946e-01 9.163269606500027420e-01 -5.013483979232781496e-02
4.754754754754754731e-01 9.154484979879405904e-01 -4.965496413738306608e-02
4.764764764764764515e-01 9.145786196303312687e-01 -4.915969760272877881e-02
4.774774774774774855e-01 9.137175952029488180e-01 -4.864919368656258486e-02
4.784784784784784639e-01 9.128656915864461485e-01 -4.812361061573339205e-02
4.794794794794794979e-01 9.120231728293666240e-01 -4.758311132871755056e-02
4.804804804804804763e-01 9.111903000748449166e-01 -4.702786336177201820e-02
4.814814814814814548e-01 9.103673314768591096e-01 -4.645803881834002780e-02
4.824824824824824887e-01 9.095545221198765296e-01 -4.587381431878007759e-02
4.834834834834834671e-01 9.087521239399561912e-01 -4.527537094509131305e-02
4.844844844844845011e-01 9.079603856468628775e-01 -4.466289418414940565e-02
4.854854854854854795e-01 9.071795526472248294e-01 -4.403657386946033259e-02
4.864864864864864580e-01 9.064098669687612464e-01 -4.339660412143773321e-02
4.874874874874874919e-01 9.056515671840852377e-01 -4.274318329089712293e-02
4.884884884884884704e-01 9.049048883240446983e-01 -4.207651393667265899e-02
4.894894894894895043e-01 9.041700618232371145e-01 -4.139680270654419458e-02
4.904904904904904828e-01 9.034473154453616095e-01 -4.070426028226858256e-02
4.914914914914914612e-01 9.027368732102650783e-01 -3.999910132169674781e-02
4.924924924924924952e-01 9.020389553247384340e-01 -3.928154439176445578e-02
4.934934934934934736e-01 9.013537781145457561e-01 -3.855181190017485660e-02
4.944944944944945076e-01 9.006815539577143204e-01 -3.781013002578365728e-02
4.954954954954954860e-01 9.000224912191145954e-01 -3.705672864769907204e-02
4.964964964964965199e-01 8.993767941858101800e-01 -3.629184127419041866e-02
4.974974974974974984e-01 8.987446629859864311e-01 -3.551570500572759359e-02
4.984984984984984768e-01 8.981262935452800633e-01 -3.472856042498832785e-02
4.994994994994995108e-01 8.975218775305457974e-01 -3.393065151343590408e-02
5.005005005005005447e-01 8.969316022842679370e-01 -3.312222558814782725e-02
5.015015015015015232e-01 8.963556507667895801e-01 -3.230353322474169286e-02
5.025025025025025016e-01 8.957942014999683567e-01 -3.147482817920556342e-02
5.035035035035034801e-01 8.952474285122795639e-01 -3.063636730864865640e-02
5.045045045045044585e-01 8.947155012853953426e-01 -2.978841049098733193e-02
5.055055055055055480e-01 8.941985847022626555e-01 -2.893122054358290840e-02
5.065065065065065264e-01 8.936968389779671451e-01 -2.806506316634031079e-02
5.075075075075075048e-01 8.932104196173472621e-01 -2.719020684950505112e-02
5.085085085085084833e-01 8.927394773882335599e-01 -2.630692276134484822e-02
5.095095095095094617e-01 8.922841582618552536e-01 -2.541548468168862776e-02
5.105105105105105512e-01 8.918446033679384710e-01 -2.451616891671985765e-02
5.115115115115115296e-01 8.914209489513810203e-01 -2.360925421291536902e-02
5.125125125125125081e-01 8.910133263305276552e-01 -2.269502167014749924e-02
5.135135135135134865e-01 8.906218618570661549e-01 -2.177375465397093923e-02
5.145145145145144649e-01 8.902466768775689765e-01 -2.084573870711217691e-02
5.155155155155155544e-01 8.898878876829924289e-01 -1.991126147367747179e-02
5.165165165165165329e-01 8.895456054609017782e-01 -1.897061262158338674e-02
5.175175175175175113e-01 8.892199363019281932e-01 -1.802408371253913164e-02
5.185185185185184897e-01 8.889109811487692081e-01 -1.707196812958588356e-02
5.195195195195194682e-01 8.886188357645636859e-01 -1.611456098658940392e-02
5.205205205205205576e-01 8.883435907036748569e-01 -1.515215903643239714e-02
5.215215215215215361e-01 8.880853312841836544e-01 -1.418506057863591803e-02
5.225225225225225145e-01 8.878441375621110021e-01 -1.321356536643093250e-02
5.235235235235234930e-01 8.876200843073872582e-01 -1.223797451330489207e-02
5.245245245245244714e-01 8.874132409731178006e-01 -1.125859040503466094e-02
5.255255255255255609e-01 8.872236716462013062e-01 -1.027571662568642699e-02
5.265265265265265393e-01 8.870514350801173009e-01 -9.289657826334394783e-03
5.275275275275275177e-01 8.868965846599120573e-01 -8.300719642573515036e-03
5.285285285285284962e-01 8.867591683827538152e-01 -7.309208601916047585e-03
5.295295295295294746e-01 8.866392288435468449e-01 -6.315432028536622014e-03
5.305305305305305641e-01 8.865368032223225336e-01 -5.319697947724162136e-03
5.315315315315315425e-01 8.864519232734219267e-01 -4.322314990066730700e-03
5.325325325325325210e-01 8.863846153164839370e-01 -3.323592295393130742e-03
5.335335335335334994e-01 8.863349002253915199e-01 -2.323839418375550636e-03
5.345345345345344779e-01 8.863027933847991147e-01 -1.323366250569770093e-03
5.355355355355355673e-01 8.862883047368360634e-01 -3.224828994111070268e-04
5.365365365365365458e-01 8.862914387713458630e-01 6.785004046113637943e-04
5.375375375375375242e-01 8.863121945169645244e-01 1.679273400389915891e-03
5.385385385385385026e-01 8.863505655419271489e-01 2.679525892523013705e-03
5.395395395395394811e-01 8.864065399566719572e-01 3.678947847649204420e-03
5.405405405405405705e-01 8.864801004182542021e-01 4.677229490761896161e-03
5.415415415415415490e-01 8.865712241365800717e-01 5.674061401476902279e-03
5.425425425425425274e-01 8.866798828819407730e-01 6.669134610060533513e-03
5.435435435435435059e-01 8.868060429702960823e-01 7.662140685795609113e-03
5.445445445445444843e-01 8.869496652899984124e-01 8.652771837639697261e-03
5.455455455455455738e-01 8.871107053224217553e-01 9.640721012229172202e-03
5.465465465465465522e-01 8.872891131469787807e-01 1.062568198621230073e-02
5.475475475475475307e-01 8.874848334556202367e-01 1.160734946075480875e-02
5.485485485485485091e-01 8.876978055688836688e-01 1.258541915569590802e-02
5.495495495495495986e-01 8.879279634704230206e-01 1.355958791052187459e-02
5.505505505505505770e-01 8.881752358325953889e-01 1.452955378047157686e-02
5.515515515515515554e-01 8.884395460116155663e-01 1.549501611861415183e-02
5.525525525525525339e-01 8.887208120855132343e-01 1.645567567498706224e-02
5.535535535535535123e-01 8.890189468808393780e-01 1.741123468979694291e-02
5.545545545545546018e-01 8.893338580011750372e-01 1.836139698619812868e-02
5.555555555555555802e-01 8.896654478476342387e-01 1.930586805914823526e-02
5.565565565565565587e-01 8.900136136250559327e-01 2.024435515807744557e-02
5.575575575575575371e-01 8.903782474156510807e-01 2.117656739232316385e-02
5.585585585585585155e-01 8.907592361981200302e-01 2.210221581606377009e-02
5.595595595595596050e-01 8.911564618806753213e-01 2.302101351697868892e-02
5.605605605605605835e-01 8.915698013372500563e-01 2.393267570480570733e-02
5.615615615615615619e-01 8.919991264462845404e-01 2.483691980018163173e-02
5.625625625625625403e-01 8.924443041393815834e-01 2.573346553063783626e-02
5.635635635635635188e-01 8.929051964320771084e-01 2.662203500748018536e-02
5.645645645645646082e-01 8.933816604681465989e-01 2.750235281324725153e-02
5.655655655655655867e-01 8.938735485656300606e-01 2.837414608854495549e-02
5.665665665665665651e-01 8.943807082629942062e-01 2.923714461674307985e-02
5.675675675675675436e-01 8.949029823666969641e-01 3.009108090779987615e-02
5.685685685685685220e-01 8.954402089921824626e-01 3.093569027819034756e-02
5.695695695695696115e-01 8.959922216197008238e-01 3.177071093496616067e-02
5.705705705705705899e-01 8.965588491492059164e-01 3.259588405799446892e-02
5.715715715715715683e-01 8.971399159507554844e-01 3.341095387900306496e-02
5.725725725725725468e-01 8.977352419190623989e-01 3.421566776066302384e-02
5.735735735735735252e-01 8.983446425294749904e-01 3.500977627465891306e-02
5.745745745745746147e-01 8.989679288940469748e-01 3.579303328168464277e-02
5.755755755755755931e-01 8.996049078197971838e-01 3.656519600861833641e-02
5.765765765765765716e-01 9.002553818709612132e-01 3.732602511880754592e-02
5.775775775775775500e-01 9.009191494293230518e-01 3.807528478860212201e-02
5.785785785785785285e-01 9.015960047569412383e-01 3.881274278045850068e-02
5.795795795795796179e-01 9.022857380602165023e-01 3.953817051490617074e-02
5.805805805805805964e-01 9.029881355534629117e-01 4.025134314132067237e-02
5.815815815815815748e-01 9.037029795206861227e-01 4.095203960744867727e-02
5.825825825825825532e-01 9.044300483909887278e-01 4.164004272801759277e-02
5.835835835835835317e-01 9.051691168047094616e-01 4.231513925187135178e-02
5.845845845845846211e-01 9.059199556830528355e-01 4.297711992790379659e-02
5.855855855855855996e-01 9.066823322992263456e-01 4.362577956971762372e-02
5.865865865865865780e-01 9.074560103496513985e-01 4.426091711842688320e-02
5.875875875875875565e-01 9.082407500286754365e-01 4.488233571397348687e-02
5.885885885885885349e-01 9.090363080988104194e-01 4.548984274216121698e-02
5.895895895895896244e-01 9.098424379720581046e-01 4.608324990272438110e-02
5.905905905905906028e-01 9.106588897837945007e-01 4.666237326538232033e-02
5.915915915915915813e-01 9.114854104705084614e-01 4.722703332688005240e-02
5.925925925925925597e-01 9.123217438484253483e-01 4.777705506660853002e-02
5.935935935935935381e-01 9.131676306881115757e-01 4.831226800321128390e-02
5.945945945945946276e-01 9.140228087990743822e-01 4.883250624530204032e-02
5.955955955955956060e-01 9.148870131131884298e-01 4.933760854177135502e-02
5.965965965965965845e-01 9.157599757653077654e-01 4.982741833248987423e-02
5.975975975975975629e-01 9.166414261767010796e-01 5.030178379663971522e-02
5.985985985985985414e-01 9.175310911394618518e-01 5.076055789958230924e-02
5.995995995995996308e-01 9.184286949009926593e-01 5.120359843856586018e-02
6.006006006006006093e-01 9.193339592337035349e-01 5.163076809227314795e-02
6.016016016016015877e-01 9.202466035391152488e-01 5.204193445765421117e-02
6.026026026026025662e-01 9.211663449367387679e-01 5.243697009074668736e-02
6.036036036036035446e-01 9.220928983484523167e-01 5.281575254787635593e-02
6.046046046046046341e-01 9.230259765880346468e-01 5.317816442398626969e-02
6.056056056056056125e-01 9.239652904516288956e-01 5.352409338951660128e-02
6.066066066066065909e-01 9.249105488046454049e-01 5.385343222447368933e-02
6.076076076076075694e-01 9.258614586325716322e-01 5.416607883982655497e-02
6.086086086086086588e-01 9.268177251847404818e-01 5.446193632535228923e-02
6.096096096096096373e-01 9.277790520602398061e-01 5.474091297821063323e-02
6.106106106106106157e-01 9.287451412938677597e-01 5.500292232980102253e-02
6.116116116116115942e-01 9.297156934503711945e-01 5.524788317339947991e-02
6.126126126126125726e-01 9.306904077195065073e-01 5.547571959031362410e-02
6.136136136136136621e-01 9.316689819997446831e-01 5.568636096919050982e-02
6.146146146146146405e-01 9.326511129329247973e-01 5.587974200186913987e-02
6.156156156156156189e-01 9.336364960909184774e-01 5.605580274436122029e-02
6.166166166166165974e-01 9.346248260485939818e-01 5.621448862589414897e-02
6.176176176176175758e-01 9.356157964724206577e-01 5.635575046300058538e-02
6.186186186186186653e-01 9.366091002175448432e-01 5.647954447549571877e-02
6.196196196196196437e-01 9.376044294255122535e-01 5.658583230089591493e-02
6.206206206206206222e-01 9.386014756019263050e-01 5.667458100010158706e-02
6.216216216216216006e-01 9.395999296568707804e-01 5.674576304839535484e-02
6.226226226226225791e-01 9.405994821058389910e-01 5.679935638027107381e-02
6.236236236236236685e-01 9.415998231323993162e-01 5.683534438457233523e-02
6.246246246246246470e-01 9.426006426810817906e-01 5.685371590831951594e-02
6.256256256256256254e-01 9.436016305557235473e-01 5.685446526064443645e-02
6.266266266266266038e-01 9.446024765182673422e-01 5.683759221509947224e-02
6.276276276276275823e-01 9.456028703574386185e-01 5.680310200371847112e-02
6.286286286286286717e-01 9.466025019447997790e-01 5.675100530661962572e-02
6.296296296296296502e-01 9.476010614337964100e-01 5.668131827085465951e-02
6.306306306306306286e-01 9.485982393163242543e-01 5.659406249667434802e-02
6.316316316316316071e-01 9.495937265182627929e-01 5.648926503051016762e-02
6.326326326326325855e-01 9.505872144976056370e-01 5.636695835679394334e-02
6.336336336336336750e-01 9.515783953428461617e-01 5.622718038810875507e-02
6.346346346346346534e-01 9.525669618308354458e-01 5.606997444999541752e-02
6.356356356356356319e-01 9.535526074972717758e-01 5.589538926520534051e-02
6.366366366366366103e-01 9.545350268363591573e-01 5.570347894790410315e-02
6.376376376376375887e-01 9.555139153428040544e-01 5.549430298197280398e-02
6.386386386386386782e-01 9.564889696121071649e-01 5.526792620287194341e-02
6.396396396396396566e-01 9.574598874368086543e-01 5.502441877744883303e-02
6.406406406406406351e-01 9.584263679028740546e-01 5.476385618206573019e-02
6.416416416416416135e-01 9.593881114267701626e-01 5.448631918100103888e-02
6.426426426426425920e-01 9.603448198657652535e-01 5.419189380076001178e-02
6.436436436436436814e-01 9.612961966807153091e-01 5.388067130097357743e-02
6.446446446446446599e-01 9.622419469884986309e-01 5.355274814723827437e-02
6.456456456456456383e-01 9.631817776546447440e-01 5.320822598094103462e-02
6.466466466466466168e-01 9.641153973855391968e-01 5.284721158740205565e-02
6.476476476476475952e-01 9.650425168201565151e-01 5.246981686233301995e-02
6.486486486486486847e-01 9.659628486212775700e-01 5.207615877660880938e-02
6.496496496496496631e-01 9.668761075323217824e-01 5.166635934806969310e-02
6.506506506506506415e-01 9.677820104500846066e-01 5.124054560737521108e-02
6.516516516516516200e-01 9.686802765865836218e-01 5.079884953902435302e-02
6.526526526526525984e-01 9.695706275191142698e-01 5.034140804931905300e-02
6.536536536536536879e-01 9.704527872745236650e-01 4.986836292361643275e-02
6.546546546546546663e-01 9.713264824130040109e-01 4.937986078180124638e-02
6.556556556556556448e-01 9.721914421107358262e-01 4.887605303213637953e-02
6.566566566566566232e-01 9.730473982413221368e-01 4.835709582349359548e-02
6.576576576576576016e-01 9.738940854870395958e-01 4.782315000673252603e-02
6.586586586586586911e-01 9.747312414674090819e-01 4.727438110092048451e-02
6.596596596596596696e-01 9.755586067062651523e-01 4.671095920247442940e-02
6.606606606606606480e-01 9.763759247569979705e-01 4.613305894797566781e-02
6.616616616616616264e-01 9.771829422841225021e-01 4.554085946076470021e-02
6.626626626626626049e-01 9.779794091405278333e-01 4.493454429496744618e-02
6.636636636636636943e-01 9.787650784435053541e-01 4.431430137804844016e-02
6.646646646646646728e-01 9.795397066495140637e-01 4.368032295189828995e-02
6.656656656656656512e-01 9.803030536430169528e-01 4.303280551790645420e-02
6.666666666666666297e-01 9.810548828596419302e-01 4.237194979321468741e-02
6.676676676676676081e-01 9.817949612708518625e-01 4.169796061697577522e-02
6.686686686686686976e-01 9.825230594843331611e-01 4.101104689665892311e-02
6.696696696696696760e-01 9.832389518198615397e-01 4.031142154476233253e-02
6.706706706706706544e-01 9.839424163787711120e-01 3.959930141237306966e-02
6.716716716716716329e-01 9.846332351121616089e-01 3.887490722141548338e-02
6.726726726726726113e-01 9.853111938878124088e-01 3.813846349559844862e-02
6.736736736736737008e-01 9.859760825596495248e-01 3.739019849353797387e-02
6.746746746746746792e-01 9.866276950566208459e-01 3.663034415916936737e-02
6.756756756756756577e-01 9.872658294113336730e-01 3.585913601825527208e-02
6.766766766766766361e-01 9.878902878302568968e-01 3.507681311207458408e-02
6.776776776776777256e-01 9.885008767586533907e-01 3.428361792644268879e-02
6.786786786786787040e-01 9.890974069404177005e-01 3.347979631626092634e-02
6.796796796796796825e-01 9.896796934765372811e-01 3.266559742895410595e-02
6.806806806806806609e-01 9.902475558821492996e-01 3.184127362681363205e-02
6.816816816816816393e-01 9.908008181427787608e-01 3.100708040943431915e-02
6.826826826826827288e-01 9.913393087762996103e-01 3.016327634890828002e-02
6.836836836836837072e-01 9.918628608766653088e-01 2.931012299170531604e-02
6.846846846846846857e-01 9.923713121659619718e-01 2.844788477844331642e-02
6.856856856856856641e-01 9.928645050461606392e-01 2.757682896500718295e-02
6.866866866866866426e-01 9.933422866476262492e-01 2.669722553940850895e-02
6.876876876876877320e-01 9.938045088760874002e-01 2.580934713773333847e-02
6.886886886886887105e-01 9.942510284580429181e-01 2.491346895919752460e-02
6.896896896896896889e-01 9.946817069851401349e-01 2.400986868082456011e-02
6.906906906906906674e-01 9.950964109740477737e-01 2.309882638655429490e-02
6.916916916916916458e-01 9.954950118910862455e-01 2.218062446547919980e-02
6.926926926926927353e-01 9.958773861877914246e-01 2.125554752051343060e-02
6.936936936936937137e-01 9.962434153447380369e-01 2.032388228514572445e-02
6.946946946946946921e-01 9.965929859079992736e-01 1.938591753435147183e-02
6.956956956956956706e-01 9.969259895239677149e-01 1.844194399482384714e-02
6.966966966966966490e-01 9.972423229725202454e-01 1.749225425454480759e-02
6.976976976976977385e-01 9.975418881985835817e-01 1.653714267177593816e-02
6.986986986986987169e-01 9.978245923549602381e-01 1.557690529307406355e-02
6.996996996996996954e-01 9.980903478229476988e-01 1.461183975546791886e-02
7.007007007007006738e-01 9.983390722304333886e-01 1.364224518747835131e-02
7.017017017017016522e-01 9.985706884835988673e-01 1.266842212101941881e-02
7.027027027027027417e-01 9.987851247904943053e-01 1.169067239804517412e-02
7.037037037037037202e-01 9.989823146828930023e-01 1.070929907674784097e-02
7.047047047047046986e-01 9.991621970364094052e-01 9.724606337330413824e-03
7.057057057057056770e-01 9.993247160888646397e-01 8.736899387380455198e-03
7.067067067067066555e-01 9.994698214717868678e-01 7.746484375908048274e-03
7.077077077077077449e-01 9.995974682233561559e-01 6.753668296861408717e-03
7.087087087087087234e-01 9.997076167801055568e-01 5.758758880524804218e-03
7.097097097097097018e-01 9.998002330012552008e-01 4.762064505509706024e-03
7.107107107107106803e-01 9.998752881788253166e-01 3.763894102957741558e-03
7.117117117117116587e-01 9.999327590459409221e-01 2.764557060516234337e-03
7.127127127127127482e-01 9.999726277833342891e-01 1.764363126126098844e-03
7.137137137137137266e-01 9.999948820240320835e-01 7.636223116487393008e-04
7.147147147147147050e-01 9.999995148562139669e-01 -2.373552036436112718e-04
7.157157157157156835e-01 9.999865248386282657e-01 -1.238259163209994365e-03
7.167167167167166619e-01 9.999559160299881233e-01 -2.238779316345489503e-03
7.177177177177177514e-01 9.999076979218489702e-01 -3.238605543902241257e-03
7.187187187187187298e-01 9.998418854605286565e-01 -4.237427943154408946e-03
7.197197197197197083e-01 9.997584990446489739e-01 -5.234936922777380479e-03
7.207207207207206867e-01 9.996575645182793624e-01 -6.230823298922274003e-03
7.217217217217216652e-01 9.995391131622827219e-01 -7.224778391185624100e-03
7.227227227227227546e-01 9.994031816838546689e-01 -8.216494118445438755e-03
7.237237237237237331e-01 9.992498122042476894e-01 -9.205663094534787330e-03
7.247247247247247115e-01 9.990790522492798420e-01 -1.019197872279598016e-02
7.257257257257256899e-01 9.988909547747952811e-01 -1.117513528299171263e-02
7.267267267267266684e-01 9.986855780928269866e-01 -1.215482803763719317e-02
7.277277277277277578e-01 9.984629858622350307e-01 -1.313075332467151038e-02
7.287287287287287363e-01 9.982232470767778976e-01 -1.410260864996833348e-02
7.297297297297297147e-01 9.979664360431800274e-01 -1.507009278115702816e-02
7.307307307307306932e-01 9.976926323574419886e-01 -1.603290584105867417e-02
7.317317317317316716e-01 9.974019208793866165e-01 -1.699074940070938525e-02
7.327327327327327611e-01 9.970943917054367889e-01 -1.794332657194123298e-02
7.337337337337337395e-01 9.967701401401174444e-01 -1.889034209944018272e-02
7.347347347347347180e-01 9.964292667059173603e-01 -1.983150244818750532e-02
7.357357357357356964e-01 9.960718770789518395e-01 -2.076651589779787699e-02
7.367367367367367859e-01 9.956980820357445028e-01 -2.169509263497533882e-02
7.377377377377377643e-01 9.953079974367974314e-01 -2.261694484142331638e-02
7.387387387387387427e-01 9.949017441901769621e-01 -2.353178678300390028e-02
7.397397397397397212e-01 9.944794482134278191e-01 -2.443933489823622504e-02
7.407407407407406996e-01 9.940412403938161390e-01 -2.533930788610583643e-02
7.417417417417417891e-01 9.935872565469026085e-01 -2.623142679315483908e-02
7.427427427427427675e-01 9.931176373734452723e-01 -2.711541509982264703e-02
7.437437437437437460e-01 9.926325284374167834e-01 -2.799099880875432697e-02
7.447447447447447244e-01 9.921320801311245274e-01 -2.885790653094684119e-02
7.457457457457457028e-01 9.916164475737717643e-01 -2.971586956324007503e-02
7.467467467467467923e-01 9.910857905895671394e-01 -3.056462197472525205e-02
7.477477477477477708e-01 9.905402736582641365e-01 -3.140390068913492816e-02
7.487487487487487492e-01 9.899800658635997674e-01 -3.223344556625507007e-02
7.497497497497497276e-01 9.894053408401951577e-01 -3.305299948239494301e-02
7.507507507507507061e-01 9.888162767189202507e-01 -3.386230840988721513e-02
7.517517517517517955e-01 9.882130560707292899e-01 -3.466112149558860794e-02
7.527527527527527740e-01 9.875958658589759631e-01 -3.544919114066805849e-02
7.537537537537537524e-01 9.869648974173723666e-01 -3.622627308562770265e-02
7.547547547547547309e-01 9.863203463246601466e-01 -3.699212647067112725e-02
7.557557557557557093e-01 9.856624123644092128e-01 -3.774651391501664122e-02
7.567567567567567988e-01 9.849912994671656818e-01 -3.848920159132691171e-02
7.577577577577577772e-01 9.843072156467346234e-01 -3.921995929795321634e-02
7.587587587587587556e-01 9.836103729350946789e-01 -3.993856053000670314e-02
7.597597597597597341e-01 9.829009873159559874e-01 -4.064478254922708478e-02
7.607607607607607125e-01 9.821792786569699674e-01 -4.133840645262201047e-02
7.617617617617618020e-01 9.814454706430144615e-01 -4.201921724098295341e-02
7.627627627627627804e-01 9.806997907460887065e-01 -4.268700390395149813e-02
7.637637637637637589e-01 9.799424701068539800e-01 -4.334155946285268152e-02
7.647647647647647373e-01 9.791737434626720527e-01 -4.398268103466227569e-02
7.657657657657657158e-01 9.783938490853257841e-01 -4.461016989976643310e-02
7.667667667667668052e-01 9.776030287067176694e-01 -4.522383156327797193e-02
7.677677677677677837e-01 9.768015274434066475e-01 -4.582347581498092542e-02
7.687687687687687621e-01 9.759895937199938309e-01 -4.640891678787855551e-02
7.697697697697697405e-01 9.751674791913756968e-01 -4.697997301531739445e-02
7.707707707707707190e-01 9.743354386638919395e-01 -4.753646748667295779e-02
7.717717717717718084e-01 9.734937300440983377e-01 -4.807822771988980171e-02
7.727727727727727869e-01 9.726426142451103374e-01 -4.860508580614823770e-02
7.737737737737737653e-01 9.717823550767492602e-01 -4.911687844336007358e-02
7.747747747747747438e-01 9.709132191821442381e-01 -4.961344699842545891e-02
7.757757757757757222e-01 9.700354759547115124e-01 -5.009463755606289453e-02
7.767767767767768117e-01 9.691493974542052525e-01 -5.056030096610201335e-02
7.777777777777777901e-01 9.682552583218565490e-01 -5.101029288921561655e-02
7.787787787787787686e-01 9.673533356946191208e-01 -5.144447384106828891e-02
7.797797797797797470e-01 9.664439091185420549e-01 -5.186270923485722384e-02
7.807807807807807254e-01 9.655272604742018983e-01 -5.226486943432621934e-02
7.817817817817818149e-01 9.646036739061094600e-01 -5.265082980963407128e-02
7.827827827827827933e-01 9.636734356880410912e-01 -5.302047073227696833e-02
7.837837837837837718e-01 9.627368341537271279e-01 -5.337367763030071571e-02
7.847847847847847502e-01 9.617941596084006450e-01 -5.371034102458716736e-02
7.857857857857857287e-01 9.608457042384553892e-01 -5.403035656234075196e-02
7.867867867867868181e-01 9.598917620204535650e-01 -5.433362504889371891e-02
7.877877877877877966e-01 9.589326286295041246e-01 -5.462005247780991196e-02
7.887887887887887750e-01 9.579686013470314343e-01 -5.488955005926757919e-02
7.897897897897897534e-01 9.569999789720903260e-01 -5.514203425193619362e-02
7.907907907907907319e-01 9.560270617541619664e-01 -5.537742682103596187e-02
7.917917917917918214e-01 9.550501512603383203e-01 -5.559565481213903093e-02
7.927927927927927998e-01 9.540695502907554637e-01 -5.579665058498536195e-02
7.937937937937937782e-01 9.530855627888310533e-01 -5.598035183952546762e-02
7.947947947947947567e-01 9.520984937467880105e-01 -5.614670163474990566e-02
7.957957957957957351e-01 9.511086491108017293e-01 -5.629564840575777135e-02
7.967967967967968246e-01 9.501163356857952325e-01 -5.642714597904768814e-02
7.977977977977978030e-01 9.491218610399093647e-01 -5.654115358601506658e-02
7.987987987987987815e-01 9.481255334092041354e-01 -5.663763587562755525e-02
7.997997997997997599e-01 9.471276616219428401e-01 -5.671656296188439667e-02
8.008008008008007383e-01 9.461285549829926422e-01 -5.677791039636977816e-02
8.018018018018018278e-01 9.451285231722670321e-01 -5.682165916525265537e-02
8.028028028028028062e-01 9.441278761560594202e-01 -5.684779570855551245e-02
8.038038038038037847e-01 9.431269240907900198e-01 -5.685631192387251981e-02
8.048048048048047631e-01 9.421259772266615817e-01 -5.684720516829278036e-02
8.058058058058058526e-01 9.411253458112482928e-01 -5.682047825851666012e-02
8.068068068068068310e-01 9.401253399930483701e-01 -5.677613946915313625e-02
8.078078078078078095e-01 9.391262697250233327e-01 -5.671420252918623478e-02
8.088088088088087879e-01 9.381284446745008498e-01 -5.663468663417681181e-02
8.098098098098097664e-01 9.371321741289746488e-01 -5.653761644512786400e-02
8.108108108108108558e-01 9.361377668892648662e-01 -5.642302205027401735e-02
8.118118118118118343e-01 9.351455311794363290e-01 -5.629093897114336581e-02
8.128128128128128127e-01 9.341557745515547406e-01 -5.614140815208861629e-02
8.138138138138137911e-01 9.331688037906510358e-01 -5.597447594806912591e-02
8.148148148148147696e-01 9.321849248199610694e-01 -5.579019411078684626e-02
8.158158158158158590e-01 9.312044425993396546e-01 -5.558861976098005558e-02
8.168168168168168375e-01 9.302276610310421523e-01 -5.536981537108983525e-02
8.178178178178178159e-01 9.292548828747178025e-01 -5.513384876140857427e-02
8.188188188188187944e-01 9.282864096483799399e-01 -5.488079306990949202e-02
8.198198198198197728e-01 9.273225415346760814e-01 -5.461072672875915551e-02
8.208208208208208623e-01 9.263635772875353780e-01 -5.432373343903618840e-02
8.218218218218218407e-01 9.254098141392267385e-01 -5.401990214367131254e-02
8.228228228228228192e-01 9.244615477155524452e-01 -5.369932702064789815e-02
8.238238238238237976e-01 9.235190719417694094e-01 -5.336210744652343518e-02
8.248248248248247760e-01 9.225826789443607456e-01 -5.300834794486113805e-02
8.258258258258258655e-01 9.216526589649417511e-01 -5.263815816611418924e-02
8.268268268268268439e-01 9.207293002705103646e-01 -5.225165285366599466e-02
8.278278278278278224e-01 9.198128890643489930e-01 -5.184895180827316097e-02
8.288288288288288008e-01 9.189037093975658266e-01 -5.143017985091059840e-02
8.298298298298297793e-01 9.180020430747644067e-01 -5.099546678306109138e-02
8.308308308308308687e-01 9.171081695701995828e-01 -5.054494734685676532e-02
8.318318318318318472e-01 9.162223659455032143e-01 -5.007876118376145685e-02
8.328328328328328256e-01 9.153449067607817291e-01 -4.959705279058766042e-02
8.338338338338338041e-01 9.144760639894691234e-01 -4.909997147437755727e-02
8.348348348348347825e-01 9.136161069339846508e-01 -4.858767130571343268e-02
8.358358358358358720e-01 9.127653021422486024e-01 -4.806031107063157837e-02
8.368368368368368504e-01 9.119239133268134401e-01 -4.751805423124532551e-02
8.378378378378378288e-01 9.110922012819683280e-01 -4.696106886775748557e-02
8.388388388388388073e-01 9.102704238022185645e-01 -4.638952762159741922e-02
8.398398398398397857e-01 9.094588356031787502e-01 -4.580360764563200238e-02
8.408408408408408752e-01 9.086576882427954693e-01 -4.520349054906649955e-02
8.418418418418418536e-01 9.078672300435872700e-01 -4.458936234090912776e-02
8.428428428428428321e-01 9.070877060157565008e-01 -4.396141337217517042e-02
8.438438438438438105e-01 9.063193577756551989e-01 -4.331983828219803517e-02
8.448448448448447889e-01 9.055624234757889690e-01 -4.266483593345966885e-02
8.458458458458458784e-01 9.048171377326351683e-01 -4.199660934822608410e-02
8.468468468468468568e-01 9.040837315521472739e-01 -4.131536564715072857e-02
8.478478478478478353e-01 9.033624322582123334e-01 -4.062131598479613165e-02
8.488488488488488137e-01 9.026534634222752596e-01 -3.991467548383924313e-02
8.498498498498497922e-01 9.019570447940750135e-01 -3.919566316839895315e-02
8.508508508508508816e-01 9.012733922319754454e-01 -3.846450190482632314e-02
8.518518518518518601e-01 9.006027176377560117e-01 -3.772141832388065802e-02
8.528528528528528385e-01 8.999452288912713760e-01 -3.696664274919397863e-02
8.538538538538538170e-01 8.993011297857357311e-01 -3.620040912810675721e-02
8.548548548548547954e-01 8.986706199647550575e-01 -3.542295495897125612e-02
8.558558558558558849e-01 8.980538948606940908e-01 -3.463452121730453692e-02
8.568568568568568633e-01 8.974511456339474558e-01 -3.383535228120716082e-02
8.578578578578578417e-01 8.968625591073647874e-01 -3.302569586112093225e-02
8.588588588588588202e-01 8.962883177154210568e-01 -3.220580291680723989e-02
8.598598598598597986e-01 8.957285994477868218e-01 -3.137592757940318305e-02
8.608608608608608881e-01 8.951835777928260907e-01 -3.053632707375173588e-02
8.618618618618618665e-01 8.946534216839727716e-01 -2.968726163846088437e-02
8.628628628628628450e-01 8.941382954475631806e-01 -2.882899444497543512e-02
8.638638638638638234e-01 8.936383587516955052e-01 -2.796179151633339938e-02
8.648648648648649129e-01 8.931537665523181513e-01 -2.708592165115138867e-02
8.658658658658658913e-01 8.926846690507290738e-01 -2.620165633238156350e-02
8.668668668668668698e-01 8.922312116466584175e-01 -2.530926964377827257e-02
8.678678678678678482e-01 8.917935348925213335e-01 -2.440903818605054051e-02
8.688688688688688266e-01 8.913717744500798679e-01 -2.350124099095592112e-02
8.698698698698699161e-01 8.909660610486799248e-01 -2.258615943459774469e-02
8.708708708708708945e-01 8.905765204441460359e-01 -2.166407715063729117e-02
8.718718718718718730e-01 8.902032733730168568e-01 -2.073527994738297645e-02
8.728728728728728514e-01 8.898464355242173829e-01 -1.980005571248659446e-02
8.738738738738738299e-01 8.895061175018380561e-01 -1.885869432471445548e-02
8.748748748748749193e-01 8.891824247899213773e-01 -1.791148756478506271e-02
8.758758758758758978e-01 8.888754577199829976e-01 -1.695872902477520497e-02
8.768768768768768762e-01 8.885853114401867092e-01 -1.600071401692595291e-02
8.778778778778778547e-01 8.883120758850866494e-01 -1.503773948267074154e-02
8.788788788788788331e-01 8.880558357417799309e-01 -1.407010390491183517e-02
8.798798798798799226e-01 8.878166704324100822e-01 -1.309810720922772835e-02
8.808808808808809010e-01 8.875946540877679425e-01 -1.212205067222788847e-02
8.818818818818818794e-01 8.873898555237075270e-01 -1.114223682865446256e-02
8.828828828828828579e-01 8.872023382200769914e-01 -1.015896937748614684e-02
8.838838838838838363e-01 8.870321603013684442e-01 -9.172553087650990589e-03
8.848848848848849258e-01 8.868793745166035913e-01 -8.183293704528242507e-03
8.858858858858859042e-01 8.867440282136120899e-01 -7.191497859507130219e-03
8.868868868868868827e-01 8.866261633413845544e-01 -6.197472967087226149e-03
8.878878878878878611e-01 8.865258164322658008e-01 -5.201527131819301195e-03
8.888888888888888395e-01 8.864430185898205528e-01 -4.203969053193335262e-03
8.898898898898899290e-01 8.863777954796635550e-01 -3.205107929757824124e-03
8.908908908908909074e-01 8.863301673220732591e-01 -2.205253363047665182e-03
8.918918918918918859e-01 8.863001488864040711e-01 -1.204715261345401783e-03
8.928928928928928643e-01 8.862877494873094841e-01 -2.038037433045550187e-04
8.938938938938938428e-01 8.862929729715328664e-01 7.971709538823444630e-04
8.948948948948949322e-01 8.863158176967910196e-01 1.797898562369981343e-03
8.958958958958959107e-01 8.863562765793798759e-01 2.798068899273474172e-03
8.968968968968968891e-01 8.864143370782531228e-01 3.797371955259880652e-03
8.978978978978978676e-01 8.864899811976885147e-01 4.795497990058895238e-03
8.988988988988988460e-01 8.865831854933522438e-01 5.792137628577612857e-03
8.998998998998999355e-01 8.866939210801544347e-01 6.786981956922245526e-03
9.009009009009009139e-01 8.868221536419056417e-01 7.779722618297930416e-03
9.019019019019018923e-01 8.869678434427823444e-01 8.770051908760016085e-03
9.029029029029028708e-01 8.871309453242051113e-01 9.757662869332574956e-03
9.039039039039038492e-01 8.873114087098151748e-01 1.074224937924147041e-02
9.049049049049049387e-01 8.875091776622142659e-01 1.172350625942304714e-02
9.059059059059059171e-01 8.877241908812907312e-01 1.270112936308451235e-02
9.069069069069068956e-01 8.879563817231931333e-01 1.367481566993005576e-02
9.079079079079078740e-01 8.882056782215197455e-01 1.464426338014122170e-02
9.089089089089088525e-01 8.884720031102681936e-01 1.560917200798631749e-02
9.099099099099099419e-01 8.887552738485477999e-01 1.656924247502909731e-02
9.109109109109109204e-01 8.890554026470601778e-01 1.752417720290698477e-02
9.119119119119118988e-01 8.893722964719984470e-01 1.847368020308459702e-02
9.129129129129128772e-01 8.897058570800544519e-01 1.941745716920886128e-02
9.139139139139138557e-01 8.900559810808847949e-01 2.035521557165369602e-02
9.149149149149149451e-01 8.904225599510204869e-01 2.128666474621182872e-02
9.159159159159159236e-01 8.908054800679326979e-01 2.221151598414596029e-02
9.169169169169169020e-01 8.912046227457836034e-01 2.312948262162401250e-02
9.179179179179178805e-01 8.916198642728538903e-01 2.404028012850609880e-02
9.189189189189188589e-01 8.920510759506484755e-01 2.494362619645504667e-02
9.199199199199199484e-01 8.924981241343775684e-01 2.583924082637330602e-02
9.209209209209209268e-01 8.929608702457250136e-01 2.672684641831583191e-02
9.219219219219219053e-01 8.934391708383715436e-01 2.760616785505434767e-02
9.229229229229228837e-01 8.939328776589976489e-01 2.847693258552201623e-02
9.239239239239238621e-01 8.944418376799119219e-01 2.933887071071867789e-02
9.249249249249249516e-01 8.949658931469356427e-01 3.019171506727644227e-02
9.259259259259259300e-01 8.955048816288493363e-01 3.103520131015248193e-02
9.269269269269269085e-01 8.960586360683975293e-01 3.186906799442122684e-02
9.279279279279278869e-01 8.966269848348477067e-01 3.269305665613486678e-02
9.289289289289288654e-01 8.972097517766607355e-01 3.350691189253045960e-02
9.299299299299299548e-01 8.978067562437325178e-01 3.431038144806246304e-02
9.309309309309309333e-01 8.984178131792680544e-01 3.510321628490396112e-02
9.319319319319319117e-01 8.990427331814228040e-01 3.588517065917162102e-02
9.329329329329328901e-01 8.996813225522766189e-01 3.665600219909904978e-02
9.339339339339339796e-01 9.003333833583049284e-01 3.741547197997974888e-02
9.349349349349349581e-01 9.009987134922535779e-01 3.816334459799911039e-02
9.359359359359359365e-01 9.016771067364111047e-01 3.889938824292856617e-02
9.369369369369369149e-01 9.023683528272676835e-01 3.962337476965194227e-02
9.379379379379378934e-01 9.030722375183402040e-01 4.033507976989282595e-02
9.389389389389389828e-01 9.037885426162118874e-01 4.103428265495503297e-02
9.399399399399399613e-01 9.045170460899438769e-01 4.172076670591292474e-02
9.409409409409409397e-01 9.052575221345393608e-01 4.239431914307903448e-02
9.419419419419419182e-01 9.060097412349000789e-01 4.305473119453197273e-02
9.429429429429428966e-01 9.067734702373816402e-01 4.370179816058457345e-02
9.439439439439439861e-01 9.075484724225642008e-01 4.433531947693462871e-02
9.449449449449449645e-01 9.083345075792222945e-01 4.495509877647128893e-02
9.459459459459459429e-01 9.091313320794852659e-01 4.556094394971191286e-02
9.469469469469469214e-01 9.099386989495944489e-01 4.615266720715570370e-02
9.479479479479478998e-01 9.107563579206487958e-01 4.673008515280093617e-02
9.489489489489489893e-01 9.115840555493365249e-01 4.729301881529286017e-02
9.499499499499499677e-01 9.124215352849596172e-01 4.784129371019433391e-02
9.509509509509509462e-01 9.132685375456226495e-01 4.837473989597457918e-02
9.519519519519519246e-01 9.141247997990723517e-01 4.889319202636153994e-02
9.529529529529529031e-01 9.149900566445298145e-01 4.939648940119993614e-02
9.539539539539539925e-01 9.158640398954983608e-01 4.988447601579053953e-02
9.549549549549549710e-01 9.167464786635282081e-01 5.035700060868653766e-02
9.559559559559559494e-01 9.176370994348858057e-01 5.081391671484915967e-02
9.569569569569569278e-01 9.185356261373531783e-01 5.125508272651216335e-02
9.579579579579579063e-01 9.194417802643241044e-01 5.168036190383728384e-02
9.589589589589589957e-01 9.203552809471661211e-01 5.208962242927774045e-02
9.599599599599599742e-01 9.212758450408949917e-01 5.248273744955724018e-02
9.609609609609609526e-01 9.222031872122737894e-01 5.285958511460870507e-02
9.619619619619619311e-01 9.231370200286568295e-01 5.322004861487984739e-02
9.629629629629629095e-01 9.240770540475590211e-01 5.356401621698523435e-02
9.639639639639639990e-01 9.250229979069281017e-01 5.389138129768354657e-02
9.649649649649649774e-01 9.259745584058547418e-01 5.420204238793362161e-02
9.659659659659659559e-01 9.269314405867984386e-01 5.449590321425396011e-02
9.669669669669669343e-01 9.278933478568640592e-01 5.477287269419690158e-02
9.679679679679679127e-01 9.288599820665236484e-01 5.503286497968822716e-02
9.689689689689690022e-01 9.298310436017606095e-01 5.527579948384741398e-02
9.699699699699699806e-01 9.308062314772163059e-01 5.550160090552015008e-02
9.709709709709709591e-01 9.317852434298167230e-01 5.571019925207943563e-02
9.719719719719719375e-01 9.327677760128532114e-01 5.590152986047697975e-02
9.729729729729729160e-01 9.337535246904949959e-01 5.607553341652787154e-02
9.739739739739740054e-01 9.347421839211229599e-01 5.623215599120603980e-02
9.749749749749749839e-01 9.357334472526521729e-01 5.637134905631151910e-02
9.759759759759759623e-01 9.367270074361939702e-01 5.649306946915418765e-02
9.769769769769769407e-01 9.377225565113148642e-01 5.659727950201815655e-02
9.779779779779779192e-01 9.387197859016318535e-01 5.668394685351077489e-02
9.789789789789790087e-01 9.397183865106689682e-01 5.675304465808191090e-02
9.799799799799799871e-01 9.407180488179158750e-01 5.680455149375659984e-02
9.809809809809809655e-01 9.417184629750599001e-01 5.683845138806756930e-02
9.819819819819819440e-01 9.427193189023210795e-01 5.685473382227917982e-02
9.829829829829829224e-01 9.437203063754393551e-01 5.685339375591507566e-02
9.839839839839840119e-01 9.447211151271212026e-01 5.683443161587496684e-02
9.849849849849849903e-01 9.457214349501131823e-01 5.679785328005772932e-02
9.859859859859859688e-01 9.467209557885629678e-01 5.674367008658772610e-02
9.869869869869869472e-01 9.477193678341071514e-01 5.667189883015082835e-02
9.879879879879879256e-01 9.487163616218851070e-01 5.658256175658366027e-02
9.889889889889890151e-01 9.497116281264518234e-01 5.647568655570935764e-02
9.899899899899899935e-01 9.507048588576237913e-01 5.635130635275742428e-02
9.909909909909909720e-01 9.516957459574509892e-01 5.620945970458127855e-02
9.919919919919919504e-01 9.526839822943016234e-01 5.605019058032516960e-02
9.929929929929930399e-01 9.536692615580139032e-01 5.587354834687770916e-02
9.939939939939940183e-01 9.546512783552870696e-01 5.567958775503573099e-02
9.949949949949949968e-01 9.556297283044428159e-01 5.546836892206589986e-02
9.959959959959959752e-01 9.566043081298866158e-01 5.523995731250289781e-02
9.969969969969969537e-01 9.575747157562419787e-01 5.499442371717847694e-02
9.979979979979980431e-01 9.585406504013674889e-01 5.473184423386020375e-02
9.989989989989990216e-01 9.595018126648839907e-01 5.445230026439853294e-02
1.000000000000000000e+00 9.604579046277385013e-01 5.415587845907687825e-02
